INSERT INTO PhoneNumbers(PersonID, Number) VALUES
    (1,777594),
    (2,187702),
    (3,304167),
    (4,692353),
    (5,262664),
    (6,875273),
    (7,788509),
    (8,812304),
    (9,674305),
    (10,518941),
    (11,224964),
    (12,263193),
    (13,333968),
    (14,509202),
    (15,696905),
    (16,308891),
    (17,225870),
    (18,343676),
    (19,541404),
    (20,437367),
    (21,756256),
    (22,706460),
    (23,478084),
    (24,510791),
    (25,733677),
    (26,117820),
    (27,514157),
    (28,246339),
    (29,363573),
    (30,611928),
    (31,291374),
    (32,815289),
    (33,455939),
    (34,490484),
    (35,192139),
    (36,516346),
    (37,494992),
    (38,940806),
    (39,196629),
    (40,270355),
    (41,911950),
    (42,811009),
    (43,448710),
    (44,111515),
    (45,849114),
    (46,319240),
    (47,590915),
    (48,200156),
    (49,379635),
    (50,509984),
    (51,512279),
    (52,937077),
    (53,798200),
    (54,160450),
    (55,590307),
    (56,581745),
    (57,986307),
    (58,440059),
    (59,835928),
    (60,899546),
    (61,669754),
    (62,300101),
    (63,136906),
    (64,856390),
    (65,863229),
    (66,489162),
    (67,309136),
    (68,539702),
    (69,863107),
    (70,173310),
    (71,604775),
    (72,655611),
    (73,622115),
    (74,161842),
    (75,238596),
    (76,922451),
    (77,874258),
    (78,292975),
    (79,865111),
    (80,819708),
    (81,859869),
    (82,552766),
    (83,117443),
    (84,975931),
    (85,267812),
    (86,149025),
    (87,261360),
    (88,172808),
    (89,658782),
    (90,605914),
    (91,209039),
    (92,277898),
    (93,147818),
    (94,125700),
    (95,389974),
    (96,298912),
    (97,300996),
    (98,647721),
    (99,580331),
    (100,621501),
    (101,730652),
    (102,589747),
    (103,726239),
    (104,736607),
    (105,513169),
    (106,313250),
    (107,510333),
    (108,975702),
    (109,340837),
    (110,168949),
    (111,513386),
    (112,924267),
    (113,534168),
    (114,464448),
    (115,707179),
    (116,618063),
    (117,404809),
    (118,254113),
    (119,614502),
    (120,712132),
    (121,171807),
    (122,617894),
    (123,141196),
    (124,488122),
    (125,435752),
    (126,935949),
    (127,872972),
    (128,716138),
    (129,464035),
    (130,555524),
    (131,343746),
    (132,771124),
    (133,459617),
    (134,497696),
    (135,120064),
    (136,946576),
    (137,328305),
    (138,608272),
    (139,130085),
    (140,624462),
    (141,671364),
    (142,609188),
    (143,886028),
    (144,278259),
    (145,569534),
    (146,829377),
    (147,704963),
    (148,604833),
    (149,736950),
    (150,355209),
    (151,190322),
    (152,310803),
    (153,529696),
    (154,359657),
    (155,586422),
    (156,484388),
    (157,430141),
    (158,645138),
    (159,271272),
    (160,983605),
    (161,644732),
    (162,934845),
    (163,299455),
    (164,265599),
    (165,961287),
    (166,637104),
    (167,744177),
    (168,752965),
    (169,408005),
    (170,892144),
    (171,528843),
    (172,394966),
    (173,662161),
    (174,672347),
    (175,961931),
    (176,231637),
    (177,574509),
    (178,271133),
    (179,856764),
    (180,308919),
    (181,881945),
    (182,651907);
