INSERT INTO Contacts(PersonID, ContactID) VALUES    (1,18),
    (1,7),
    (1,19),
    (1,9),
    (1,13),
    (2,6),
    (2,4),
    (2,7),
    (2,9),
    (2,20),
    (3,10),
    (3,8),
    (3,6),
    (3,5),
    (3,2),
    (4,2),
    (4,7),
    (4,13),
    (4,4),
    (4,5),
    (5,3),
    (5,1),
    (5,11),
    (5,9),
    (5,4),
    (6,20),
    (6,4),
    (6,13),
    (6,14),
    (6,5),
    (7,20),
    (7,12),
    (7,1),
    (7,11),
    (7,9),
    (8,18),
    (8,11),
    (8,15),
    (8,12),
    (8,7),
    (9,5),
    (9,1),
    (9,8),
    (9,16),
    (9,20),
    (10,14),
    (10,1),
    (10,3),
    (10,9),
    (10,15),
    (11,1),
    (11,8),
    (11,10),
    (11,5),
    (11,5),
    (12,20),
    (12,15),
    (12,10),
    (12,9),
    (12,15),
    (13,19),
    (13,12),
    (13,3),
    (13,17),
    (13,9),
    (14,17),
    (14,6),
    (14,4),
    (14,11),
    (14,7),
    (15,11),
    (15,8),
    (15,1),
    (15,12),
    (15,5),
    (16,17),
    (16,14),
    (16,5),
    (16,7),
    (16,8),
    (17,8),
    (17,12),
    (17,12),
    (17,2),
    (17,1),
    (18,6),
    (18,4),
    (18,5),
    (18,7),
    (18,3),
    (19,1),
    (19,17),
    (19,7),
    (19,8),
    (19,1),
    (20,9),
    (20,20),
    (20,15),
    (20,14),
    (20,12);