INSERT INTO Symptoms(PersonID, Preparate, Test1, Test2) VALUES
    (1,1,0,1),
    (2,3,0,1),
    (3,1,1,0),
    (4,3,1,0),
    (5,2,1,1),
    (6,2,1,0),
    (7,3,0,1),
    (8,1,0,1),
    (9,2,1,1),
    (10,3,1,1),
    (11,3,0,1),
    (12,2,1,0),
    (13,1,0,1),
    (14,2,1,1),
    (15,3,1,0),
    (16,1,1,1),
    (17,3,1,1),
    (18,2,1,1),
    (19,3,1,0),
    (20,1,1,0),
    (21,1,1,1),
    (22,2,1,1),
    (23,1,1,0),
    (24,3,1,1),
    (25,1,1,1),
    (26,2,1,1),
    (27,2,1,0),
    (28,2,1,1),
    (29,2,1,1),
    (30,1,0,1),
    (31,3,1,1),
    (32,3,1,1),
    (33,2,1,0),
    (34,3,1,0),
    (35,1,0,1),
    (36,1,1,1),
    (37,3,1,1),
    (38,2,0,1),
    (39,3,1,1),
    (40,2,1,1),
    (41,2,1,1),
    (42,1,1,0),
    (43,1,1,1),
    (44,1,1,0),
    (45,2,1,1),
    (46,2,1,1),
    (47,3,0,1),
    (48,2,1,1),
    (49,2,1,1),
    (50,2,1,1),
    (51,1,1,1),
    (52,1,1,1),
    (53,1,0,1),
    (54,2,0,1),
    (55,1,1,1),
    (56,3,1,0),
    (57,2,0,1),
    (58,2,1,1),
    (59,3,1,0),
    (60,2,1,0),
    (61,3,1,1),
    (62,3,1,0),
    (63,3,0,1),
    (64,1,1,0),
    (65,3,1,1),
    (66,2,0,1),
    (67,1,1,1),
    (68,2,0,1),
    (69,2,1,0),
    (70,2,0,1),
    (71,2,1,1),
    (72,2,1,0),
    (73,3,1,0),
    (74,3,0,1),
    (75,2,1,1),
    (76,1,1,1),
    (77,1,1,1),
    (78,3,1,1),
    (79,1,0,1),
    (80,1,1,1),
    (81,3,1,0),
    (82,1,1,1),
    (83,2,1,0),
    (84,2,1,0),
    (85,2,1,1),
    (86,1,1,0),
    (87,3,1,1),
    (88,1,0,1),
    (89,1,0,1),
    (90,3,0,1),
    (91,2,1,1),
    (92,2,1,1),
    (93,1,1,1),
    (94,2,1,1),
    (95,3,1,1),
    (96,2,1,1),
    (97,2,1,1),
    (98,2,1,1),
    (99,1,1,1),
    (100,1,1,1),
    (101,3,0,1),
    (102,2,1,0),
    (103,2,1,0),
    (104,2,1,1),
    (105,2,1,1),
    (106,1,1,1),
    (107,2,1,1),
    (108,2,0,1),
    (109,2,1,1),
    (110,1,0,1),
    (111,2,1,1),
    (112,3,1,0),
    (113,1,1,1),
    (114,3,1,1),
    (115,1,1,0),
    (116,3,0,1),
    (117,3,1,0),
    (118,1,0,1),
    (119,3,1,1),
    (120,3,1,0),
    (121,1,1,1),
    (122,2,1,0),
    (123,3,1,0),
    (124,1,1,0),
    (125,2,0,1),
    (126,3,1,0),
    (127,1,1,0),
    (128,1,1,1),
    (129,2,1,1),
    (130,1,1,1),
    (131,3,1,1),
    (132,1,1,1),
    (133,1,1,1),
    (134,1,0,1),
    (135,3,1,0),
    (136,1,0,1),
    (137,3,1,1),
    (138,2,1,0),
    (139,2,0,1),
    (140,2,1,1),
    (141,3,1,1),
    (142,2,1,1),
    (143,1,1,1),
    (144,3,1,0),
    (145,2,1,1),
    (146,2,1,1),
    (147,1,1,1),
    (148,2,1,1),
    (149,1,1,0),
    (150,2,0,1),
    (151,3,1,0),
    (152,3,1,0),
    (153,1,1,1),
    (154,1,1,1),
    (155,3,1,1),
    (156,3,1,1),
    (157,1,1,1),
    (158,1,0,1),
    (159,1,0,1),
    (160,2,1,1),
    (161,2,1,1),
    (162,2,1,1),
    (163,2,0,1),
    (164,3,0,1),
    (165,3,1,0),
    (166,2,0,1),
    (167,2,1,0),
    (168,3,0,1),
    (169,2,1,0),
    (170,3,0,1),
    (171,2,0,1),
    (172,1,1,1),
    (173,1,1,0),
    (174,1,1,1),
    (175,3,1,0),
    (176,3,1,0),
    (177,2,1,1),
    (178,3,0,1),
    (179,2,1,1),
    (180,1,1,0),
    (181,2,1,1),
    (182,1,0,1),
    (183,3,0,1),
    (184,1,1,1),
    (185,3,1,0),
    (186,3,1,0),
    (187,1,1,0),
    (188,2,1,1),
    (189,3,1,1),
    (190,2,0,1),
    (191,1,1,1),
    (192,3,0,1),
    (193,1,1,1),
    (194,3,1,0),
    (195,2,1,0),
    (196,3,1,0),
    (197,3,1,1),
    (198,1,1,0),
    (199,3,1,0),
    (200,2,1,1),
    (201,3,1,0),
    (202,3,1,0),
    (203,3,0,1),
    (204,3,1,0),
    (205,2,1,0),
    (206,2,0,1),
    (207,2,0,1),
    (208,1,1,1),
    (209,1,0,1),
    (210,2,0,1),
    (211,1,1,0),
    (212,1,0,1),
    (213,3,1,0),
    (214,1,1,1),
    (215,1,1,0),
    (216,1,1,1),
    (217,2,0,1),
    (218,1,0,1),
    (219,3,1,1),
    (220,3,1,0),
    (221,1,1,1),
    (222,2,1,1),
    (223,3,1,0),
    (224,1,1,1),
    (225,1,1,1),
    (226,3,1,1),
    (227,2,0,1),
    (228,1,0,1),
    (229,2,0,1),
    (230,1,1,0),
    (231,2,1,1),
    (232,2,1,0),
    (233,1,1,1),
    (234,1,1,1),
    (235,3,1,1),
    (236,1,1,1),
    (237,1,0,1),
    (238,2,1,1),
    (239,3,1,0),
    (240,2,0,1),
    (241,2,1,0),
    (242,1,1,1),
    (243,2,1,1),
    (244,1,1,1),
    (245,3,1,1),
    (246,2,0,1),
    (247,2,1,0),
    (248,3,1,0),
    (249,2,0,1),
    (250,1,1,1);