INSERT INTO Contacts(PersonID, ContactID) VALUES
    (1,70),
    (1,141),
    (1,91),
    (1,144),
    (1,199),
    (2,161),
    (2,114),
    (2,221),
    (2,164),
    (2,41),
    (3,184),
    (3,109),
    (3,139),
    (3,31),
    (3,7),
    (4,33),
    (4,45),
    (4,27),
    (4,155),
    (4,24),
    (5,210),
    (5,224),
    (5,138),
    (5,1),
    (5,197),
    (6,235),
    (6,26),
    (6,143),
    (6,214),
    (6,149),
    (7,112),
    (7,110),
    (7,213),
    (7,204),
    (7,134),
    (8,75),
    (8,17),
    (8,230),
    (8,55),
    (8,215),
    (9,71),
    (9,162),
    (9,15),
    (9,168),
    (9,33),
    (10,179),
    (10,14),
    (10,88),
    (10,35),
    (11,23),
    (11,31),
    (11,54),
    (11,225),
    (11,242),
    (12,51),
    (12,57),
    (12,85),
    (12,177),
    (12,222),
    (13,194),
    (13,95),
    (13,96),
    (13,176),
    (13,59),
    (14,197),
    (14,97),
    (14,168),
    (14,244),
    (14,28),
    (15,222),
    (15,227),
    (15,42),
    (15,55),
    (15,113),
    (16,88),
    (16,111),
    (16,84),
    (16,76),
    (16,107),
    (17,140),
    (17,28),
    (17,141),
    (17,59),
    (17,212),
    (18,52),
    (18,212),
    (18,118),
    (18,233),
    (18,72),
    (19,125),
    (19,12),
    (19,111),
    (19,214),
    (19,85),
    (20,46),
    (20,233),
    (20,237),
    (20,219),
    (20,59),
    (21,26),
    (21,112),
    (21,83),
    (21,152),
    (21,154),
    (22,184),
    (22,249),
    (22,210),
    (22,23),
    (22,57),
    (23,46),
    (23,117),
    (23,51),
    (23,38),
    (23,237),
    (24,111),
    (24,187),
    (24,29),
    (24,190),
    (24,221),
    (25,219),
    (25,71),
    (25,187),
    (25,88),
    (25,38),
    (26,239),
    (26,30),
    (26,69),
    (26,167),
    (26,94),
    (27,203),
    (27,206),
    (27,166),
    (27,2),
    (27,153),
    (28,88),
    (28,206),
    (28,123),
    (28,121),
    (28,26),
    (29,91),
    (29,19),
    (29,239),
    (29,103),
    (29,169),
    (30,129),
    (30,90),
    (30,106),
    (30,80),
    (31,166),
    (31,187),
    (31,221),
    (31,138),
    (31,13),
    (32,147),
    (32,249),
    (32,245),
    (32,45),
    (32,212),
    (33,14),
    (33,229),
    (33,193),
    (33,53),
    (33,213),
    (34,249),
    (34,193),
    (34,237),
    (34,10),
    (34,221),
    (35,6),
    (35,204),
    (35,85),
    (35,130),
    (35,100),
    (36,122),
    (36,113),
    (36,173),
    (36,221),
    (37,141),
    (37,165),
    (37,137),
    (37,12),
    (37,32),
    (38,208),
    (38,201),
    (38,123),
    (38,145),
    (38,79),
    (39,86),
    (39,161),
    (39,223),
    (39,221),
    (39,208),
    (40,8),
    (40,246),
    (40,234),
    (40,47),
    (41,86),
    (41,41),
    (41,93),
    (41,118),
    (41,224),
    (42,34),
    (42,205),
    (42,156),
    (42,62),
    (42,109),
    (43,36),
    (43,77),
    (43,194),
    (43,214),
    (43,71),
    (44,139),
    (44,207),
    (44,90),
    (44,89),
    (44,64),
    (45,135),
    (45,162),
    (45,177),
    (45,65),
    (45,152),
    (46,78),
    (46,119),
    (46,11),
    (46,115),
    (46,205),
    (47,96),
    (47,54),
    (47,167),
    (47,68),
    (47,199),
    (48,70),
    (48,14),
    (48,200),
    (48,233),
    (48,163),
    (49,176),
    (49,21),
    (49,175),
    (49,170),
    (49,1),
    (50,126),
    (50,54),
    (50,244),
    (50,218),
    (50,214),
    (51,175),
    (51,56),
    (51,74),
    (51,172),
    (51,187),
    (52,125),
    (52,155),
    (52,130),
    (52,63),
    (52,74),
    (53,2),
    (53,69),
    (53,157),
    (53,125),
    (53,11),
    (54,193),
    (54,1),
    (54,232),
    (54,207),
    (54,10),
    (55,162),
    (55,250),
    (55,213),
    (55,112),
    (55,230),
    (56,19),
    (56,189),
    (56,76),
    (56,221),
    (56,114),
    (57,77),
    (57,112),
    (57,50),
    (57,188),
    (57,37),
    (58,77),
    (58,29),
    (58,64),
    (58,63),
    (58,159),
    (59,178),
    (59,44),
    (59,66),
    (59,249),
    (59,197),
    (60,51),
    (60,239),
    (60,6),
    (60,238),
    (60,204),
    (61,223),
    (61,234),
    (61,97),
    (61,206),
    (61,3),
    (62,199),
    (62,243),
    (62,189),
    (62,138),
    (62,182),
    (63,95),
    (63,199),
    (63,235),
    (63,194),
    (64,28),
    (64,115),
    (64,227),
    (64,213),
    (64,203),
    (65,234),
    (65,97),
    (65,143),
    (65,162),
    (65,240),
    (66,100),
    (66,77),
    (66,89),
    (66,20),
    (66,199),
    (67,211),
    (67,191),
    (67,39),
    (67,95),
    (67,120),
    (68,64),
    (68,80),
    (68,51),
    (68,114),
    (68,40),
    (69,218),
    (69,168),
    (69,34),
    (69,233),
    (69,110),
    (70,85),
    (70,185),
    (70,246),
    (70,95),
    (70,223),
    (71,159),
    (71,178),
    (71,62),
    (71,71),
    (72,40),
    (72,2),
    (72,142),
    (72,104),
    (72,7),
    (73,51),
    (73,90),
    (73,220),
    (73,138),
    (73,243),
    (74,180),
    (74,23),
    (74,10),
    (74,82),
    (74,107),
    (75,1),
    (75,52),
    (75,158),
    (75,108),
    (75,53),
    (76,8),
    (76,77),
    (76,191),
    (76,82),
    (77,63),
    (77,125),
    (77,136),
    (77,237),
    (77,226),
    (78,137),
    (78,179),
    (78,26),
    (78,147),
    (78,190),
    (79,217),
    (79,32),
    (79,86),
    (79,216),
    (79,1),
    (80,117),
    (80,31),
    (80,122),
    (80,202),
    (80,37),
    (81,175),
    (81,95),
    (81,117),
    (81,31),
    (81,249),
    (82,72),
    (82,60),
    (82,198),
    (82,14),
    (82,76),
    (83,111),
    (83,215),
    (83,27),
    (83,219),
    (83,65),
    (84,47),
    (84,222),
    (84,102),
    (84,201),
    (84,240),
    (85,67),
    (85,170),
    (85,202),
    (85,221),
    (85,188),
    (86,180),
    (86,56),
    (86,209),
    (86,203),
    (86,244),
    (87,219),
    (87,171),
    (87,194),
    (87,35),
    (87,97),
    (88,77),
    (88,191),
    (88,8),
    (88,82),
    (89,32),
    (89,96),
    (89,138),
    (89,124),
    (89,84),
    (90,41),
    (90,37),
    (90,215),
    (90,241),
    (90,196),
    (91,81),
    (91,226),
    (91,228),
    (91,176),
    (91,106),
    (92,161),
    (92,7),
    (92,189),
    (92,96),
    (92,160),
    (93,136),
    (93,82),
    (93,175),
    (93,88),
    (93,132),
    (94,215),
    (94,239),
    (94,136),
    (94,131),
    (94,60),
    (95,208),
    (95,183),
    (95,8),
    (95,148),
    (95,13),
    (96,119),
    (96,145),
    (96,129),
    (96,37),
    (96,91),
    (97,166),
    (97,206),
    (97,244),
    (97,98),
    (97,171),
    (98,9),
    (98,221),
    (98,131),
    (98,47),
    (98,95),
    (99,136),
    (99,145),
    (99,89),
    (99,20),
    (99,72),
    (100,156),
    (100,184),
    (100,28),
    (100,158),
    (100,223),
    (101,204),
    (101,169),
    (101,49),
    (101,38),
    (101,187),
    (102,68),
    (102,111),
    (102,118),
    (102,144),
    (102,5),
    (103,50),
    (103,40),
    (103,70),
    (103,231),
    (103,42),
    (104,22),
    (104,112),
    (104,149),
    (104,44),
    (105,204),
    (105,203),
    (105,147),
    (105,149),
    (105,139),
    (106,220),
    (106,109),
    (106,149),
    (106,10),
    (106,170),
    (107,133),
    (107,219),
    (107,134),
    (107,240),
    (107,9),
    (108,172),
    (108,167),
    (108,62),
    (108,128),
    (108,4),
    (109,101),
    (109,171),
    (109,159),
    (109,235),
    (109,201),
    (110,154),
    (110,242),
    (110,147),
    (110,245),
    (110,6),
    (111,115),
    (111,59),
    (111,124),
    (111,144),
    (112,71),
    (112,209),
    (112,136),
    (112,186),
    (112,249),
    (113,153),
    (113,241),
    (113,238),
    (113,111),
    (113,96),
    (114,69),
    (114,177),
    (114,229),
    (114,61),
    (114,235),
    (115,122),
    (115,202),
    (115,182),
    (115,5),
    (115,174),
    (116,6),
    (116,195),
    (116,178),
    (116,187),
    (116,176),
    (117,45),
    (117,8),
    (117,33),
    (117,158),
    (117,195),
    (118,154),
    (118,152),
    (118,233),
    (118,114),
    (118,7),
    (119,167),
    (119,37),
    (119,79),
    (119,121),
    (119,27),
    (120,56),
    (120,114),
    (120,210),
    (120,216),
    (120,185),
    (121,40),
    (121,32),
    (121,132),
    (121,7),
    (121,193),
    (122,10),
    (122,170),
    (122,230),
    (122,161),
    (122,65),
    (123,214),
    (123,189),
    (123,175),
    (123,42),
    (123,120),
    (124,26),
    (124,71),
    (124,59),
    (124,190),
    (124,227),
    (125,161),
    (125,63),
    (125,55),
    (125,18),
    (125,16),
    (126,174),
    (126,205),
    (126,22),
    (126,198),
    (126,45),
    (127,59),
    (127,188),
    (127,113),
    (127,245),
    (127,241),
    (128,109),
    (128,242),
    (128,154),
    (128,86),
    (128,18),
    (129,24),
    (129,104),
    (129,194),
    (129,52),
    (129,125),
    (130,2),
    (130,158),
    (130,108),
    (130,225),
    (130,21),
    (131,182),
    (131,241),
    (131,180),
    (131,10),
    (131,33),
    (132,105),
    (132,87),
    (132,127),
    (132,225),
    (132,74),
    (133,179),
    (133,80),
    (133,28),
    (133,113),
    (133,236),
    (134,94),
    (134,206),
    (134,69),
    (134,127),
    (134,201),
    (135,22),
    (135,96),
    (135,97),
    (135,214),
    (135,46),
    (136,26),
    (136,45),
    (136,216),
    (136,17),
    (136,147),
    (137,114),
    (137,85),
    (137,144),
    (137,67),
    (137,21),
    (138,231),
    (138,211),
    (138,72),
    (138,109),
    (138,218),
    (139,62),
    (139,28),
    (139,86),
    (139,154),
    (139,232),
    (140,250),
    (140,20),
    (140,230),
    (140,245),
    (140,30),
    (141,6),
    (141,200),
    (141,100),
    (141,4),
    (141,172),
    (142,76),
    (142,105),
    (142,115),
    (142,149),
    (142,14),
    (143,162),
    (143,104),
    (143,61),
    (143,93),
    (143,19),
    (144,75),
    (144,59),
    (144,103),
    (144,158),
    (144,121),
    (145,52),
    (145,135),
    (145,80),
    (145,134),
    (145,7),
    (146,23),
    (146,82),
    (146,42),
    (146,142),
    (146,148),
    (147,226),
    (147,133),
    (147,136),
    (147,178),
    (147,83),
    (148,96),
    (148,163),
    (148,29),
    (148,65),
    (148,125),
    (149,40),
    (149,7),
    (149,249),
    (149,210),
    (149,13),
    (150,1),
    (150,155),
    (150,188),
    (150,98),
    (150,52),
    (151,145),
    (151,113),
    (151,239),
    (151,105),
    (151,129),
    (152,91),
    (152,68),
    (152,121),
    (152,236),
    (152,2),
    (153,206),
    (153,171),
    (153,180),
    (153,229),
    (153,24),
    (154,196),
    (154,65),
    (154,68),
    (154,205),
    (154,59),
    (155,121),
    (155,144),
    (155,89),
    (155,178),
    (155,194),
    (156,79),
    (156,28),
    (156,134),
    (156,151),
    (156,98),
    (157,195),
    (157,70),
    (157,213),
    (157,53),
    (157,117),
    (158,184),
    (158,166),
    (158,241),
    (158,60),
    (158,159),
    (159,12),
    (159,91),
    (159,242),
    (159,146),
    (159,228),
    (160,225),
    (160,87),
    (160,115),
    (160,110),
    (160,158),
    (161,149),
    (161,26),
    (161,54),
    (161,229),
    (161,191),
    (162,110),
    (162,245),
    (162,6),
    (162,26),
    (162,57),
    (163,153),
    (163,155),
    (163,221),
    (163,240),
    (163,26),
    (164,24),
    (164,118),
    (164,83),
    (164,163),
    (164,236),
    (165,199),
    (165,125),
    (165,71),
    (165,166),
    (165,113),
    (166,136),
    (166,3),
    (166,108),
    (166,21),
    (166,236),
    (167,44),
    (167,94),
    (167,235),
    (167,219),
    (167,142),
    (168,34),
    (168,81),
    (168,172),
    (168,240),
    (168,29),
    (169,233),
    (169,148),
    (169,3),
    (169,48),
    (169,166),
    (170,249),
    (170,226),
    (170,48),
    (170,57),
    (170,58),
    (171,61),
    (171,3),
    (171,100),
    (171,190),
    (171,120),
    (172,188),
    (172,4),
    (172,116),
    (172,236),
    (172,197),
    (173,195),
    (173,125),
    (173,192),
    (173,189),
    (173,209),
    (174,10),
    (174,223),
    (174,45),
    (174,200),
    (174,15),
    (175,149),
    (175,218),
    (175,176),
    (175,237),
    (175,166),
    (176,67),
    (176,225),
    (176,43),
    (176,183),
    (176,22),
    (177,191),
    (177,163),
    (177,237),
    (177,236),
    (177,116),
    (178,244),
    (178,43),
    (178,113),
    (178,231),
    (178,47),
    (179,87),
    (179,230),
    (179,142),
    (179,171),
    (179,195),
    (180,169),
    (180,127),
    (180,22),
    (180,176),
    (180,164),
    (181,69),
    (181,169),
    (181,241),
    (181,73),
    (182,74),
    (182,159),
    (182,154),
    (182,187),
    (182,163),
    (183,67),
    (183,195),
    (183,187),
    (183,29),
    (183,204),
    (184,173),
    (184,94),
    (184,170),
    (184,120),
    (185,126),
    (185,183),
    (185,29),
    (185,136),
    (185,65),
    (186,214),
    (186,168),
    (186,58),
    (186,148),
    (186,210),
    (187,21),
    (187,43),
    (187,103),
    (187,4),
    (187,116),
    (188,193),
    (188,184),
    (188,2),
    (188,174),
    (188,76),
    (189,148),
    (189,195),
    (189,72),
    (189,97),
    (189,168),
    (190,191),
    (190,122),
    (190,48),
    (190,66),
    (190,20),
    (191,51),
    (191,48),
    (191,45),
    (191,113),
    (191,196),
    (192,57),
    (192,100),
    (192,111),
    (192,22),
    (192,18),
    (193,63),
    (193,161),
    (193,5),
    (193,243),
    (193,76),
    (194,105),
    (194,45),
    (194,27),
    (194,7),
    (194,207),
    (195,248),
    (195,141),
    (195,86),
    (195,60),
    (195,247),
    (196,83),
    (196,135),
    (196,171),
    (196,209),
    (196,213),
    (197,38),
    (197,97),
    (197,141),
    (197,63),
    (197,230),
    (198,245),
    (198,241),
    (198,171),
    (198,183),
    (198,76),
    (199,109),
    (199,149),
    (199,40),
    (199,68),
    (199,58),
    (200,7),
    (200,213),
    (200,74),
    (200,4),
    (200,206),
    (201,23),
    (201,3),
    (201,46),
    (201,21),
    (201,179),
    (202,77),
    (202,4),
    (202,126),
    (202,78),
    (202,29),
    (203,220),
    (203,163),
    (203,124),
    (203,42),
    (203,22),
    (204,200),
    (204,214),
    (204,204),
    (204,54),
    (204,120),
    (205,81),
    (205,129),
    (205,54),
    (205,223),
    (205,145),
    (206,32),
    (206,92),
    (206,46),
    (206,141),
    (206,102),
    (207,14),
    (207,28),
    (207,162),
    (207,178),
    (207,136),
    (208,6),
    (208,20),
    (208,161),
    (208,115),
    (208,63),
    (209,244),
    (209,160),
    (209,96),
    (209,95),
    (209,216),
    (210,196),
    (210,68),
    (210,174),
    (210,116),
    (210,28),
    (211,125),
    (211,36),
    (211,101),
    (211,105),
    (212,57),
    (212,131),
    (212,165),
    (212,178),
    (212,213),
    (213,178),
    (213,106),
    (213,209),
    (213,117),
    (213,9),
    (214,133),
    (214,194),
    (214,134),
    (214,138),
    (214,55),
    (215,248),
    (215,124),
    (215,4),
    (215,197),
    (215,87),
    (216,150),
    (216,25),
    (216,147),
    (216,163),
    (216,224),
    (217,152),
    (217,221),
    (217,161),
    (217,166),
    (217,104),
    (218,141),
    (218,81),
    (218,155),
    (218,72),
    (218,121),
    (219,20),
    (219,92),
    (219,128),
    (219,47),
    (219,25),
    (220,229),
    (220,38),
    (220,39),
    (220,249),
    (220,177),
    (221,120),
    (221,136),
    (221,244),
    (221,203),
    (221,95),
    (222,88),
    (222,106),
    (222,208),
    (222,29),
    (222,123),
    (223,173),
    (223,19),
    (223,155),
    (223,35),
    (223,41),
    (224,162),
    (224,195),
    (224,127),
    (224,14),
    (224,243),
    (225,202),
    (225,37),
    (225,106),
    (225,117),
    (225,148),
    (226,130),
    (226,43),
    (226,4),
    (226,108),
    (226,141),
    (227,94),
    (227,143),
    (227,234),
    (227,160),
    (227,65),
    (228,181),
    (228,47),
    (228,250),
    (228,33),
    (228,36),
    (229,156),
    (229,127),
    (229,108),
    (229,149),
    (229,175),
    (230,38),
    (230,223),
    (230,122),
    (230,74),
    (230,26),
    (231,237),
    (231,200),
    (231,246),
    (231,165),
    (231,194),
    (232,33),
    (232,158),
    (232,104),
    (232,53),
    (232,62),
    (233,107),
    (233,151),
    (233,67),
    (233,174),
    (233,58),
    (234,1),
    (234,51),
    (234,113),
    (234,48),
    (234,15),
    (235,240),
    (235,110),
    (235,43),
    (235,21),
    (235,96),
    (236,59),
    (236,9),
    (236,28),
    (236,147),
    (236,219),
    (237,105),
    (237,35),
    (237,8),
    (237,31),
    (237,40),
    (238,12),
    (238,178),
    (238,54),
    (238,226),
    (238,198),
    (239,61),
    (239,69),
    (239,162),
    (239,248),
    (239,209),
    (240,192),
    (240,43),
    (240,76),
    (240,172),
    (240,19),
    (241,62),
    (241,157),
    (241,83),
    (241,248),
    (241,122),
    (242,71),
    (242,222),
    (242,59),
    (242,72),
    (242,74),
    (243,236),
    (243,77),
    (243,213),
    (243,135),
    (243,194),
    (244,161),
    (244,194),
    (244,8),
    (244,182),
    (244,246),
    (245,99),
    (245,134),
    (245,45),
    (245,217),
    (245,211),
    (246,226),
    (246,18),
    (246,152),
    (246,206),
    (246,21),
    (247,226),
    (247,67),
    (247,205),
    (247,132),
    (247,212),
    (248,60),
    (248,225),
    (248,17),
    (248,140),
    (248,37),
    (249,234),
    (249,33),
    (249,128),
    (249,104),
    (249,117),
    (250,204),
    (250,53),
    (250,35),
    (250,70),
    (250,21);